11.536645
11.314672
11.336051
11.260083
11.333045
11.294620
11.336703
11.322936
11.302408
11.281847
11.348636
11.334843
11.245099
11.265753
11.300797
11.338141
11.294722
11.241819
11.355300
11.271885
11.262363
11.235592
11.301069
11.279441
11.272829
11.289358
11.294155
11.271887
11.274986
11.299923
11.303339
11.294518
11.217380
11.302291
11.257213
11.284180
11.248528
11.284039
11.300349
11.248381
11.254652
11.272596
11.287027
11.296436
11.300957
11.259893
11.229879
11.253458
11.266438
11.243555
11.240262
