12.129890
12.687719
13.008596
12.977245
12.631385
12.570731
12.696779
13.108320
13.056814
12.758548
12.761143
12.777191
12.774946
12.502289
12.614191
12.540971
12.660543
12.610689
12.256369
12.786759
12.812094
12.794409
12.799809
12.742376
13.000769
12.690962
12.670998
12.509424
12.840230
12.617588
12.329760
12.581317
12.270191
12.923851
12.331600
12.533125
12.363047
12.438662
12.550052
12.569587
12.643583
12.582156
12.226379
12.173819
12.389913
12.193914
12.460043
12.608039
12.086632
12.168972
12.083431
12.191414
12.001780
12.099080
12.251444
12.059216
12.080862
12.210849
12.068866
12.093187
11.989389
12.059987
11.844999
11.873938
12.069170
11.728081
12.134813
12.061061
11.945704
11.933731
11.901791
11.624496
11.673197
11.592186
11.680758
11.823181
11.751642
11.738533
11.571729
11.566636
11.978405
11.743573
11.664758
11.643032
11.606972
11.523726
11.683489
11.543684
11.672182
11.570918
11.590584
11.502920
11.544337
11.385574
11.496025
11.551052
11.329558
11.416924
11.434139
11.518463
11.394060
